header: 
  seq: 3937
  stamp: 
    secs: 1499758708
    nsecs: 784713076
  frame_id: head_camera
height: 480
width: 640
distortion_model: plumb_bob
D: [-0.2851608502048019, 0.06946313990195158, -0.003577201352452951, -0.0027153143247968738, 0.0]
K: [382.4942393506215, 0.0, 320.57410773602106, 0.0, 381.53263846827383, 227.07029856436014, 0.0, 0.0, 1.0]
R: [1.0, 0.0, 0.0, 0.0, 1.0, 0.0, 0.0, 0.0, 1.0]
P: [288.11785888671875, 0.0, 314.509163064271, 0.0, 0.0, 329.6602478027344, 219.32461723838423, 0.0, 0.0, 0.0, 1.0, 0.0]
binning_x: 0
binning_y: 0
roi: 
  x_offset: 0
  y_offset: 0
  height: 0
  width: 0
  do_rectify: False
fx: 288.117859, fy: 329.660248, cx: 314.509155, cy: 219.324615
